0.169999897678
0.169924424065
0.169848951198
0.169773479824
0.169698010689
0.169622544539
0.169547082122
0.169471624182
0.169396171467
0.169320724722
0.169245284693
0.169169852128
0.169094427771
0.169019012368
0.168943606666
0.168868211409
0.168792827345
0.168717455217
0.168642095772
0.168566749755
0.168491417911
0.168416100984
0.168340799721
0.168265514865
0.16819024716
0.168114997352
0.168039766185
0.167964554402
0.167889362747
0.167814191964
0.167739042796
0.167663915986
0.167588812278
0.167513732414
0.167438677137
0.167363647188
0.167288643311
0.167213666245
0.167138716734
0.167063795518
0.166988903339
0.166914040936
0.16683920905
0.166764408421
0.16668963979
0.166614903894
0.166540201475
0.166465533269
0.166390900016
0.166316302453
0.166241741319
0.166167217351
0.166092731286
0.166018283859
0.165943875809
0.16586950787
0.165795180778
0.165720895268
0.165646652074
0.165572451931
0.165498295573
0.165424183733
0.165350117144
0.165276096538
0.165202122647
0.165128196204
0.165054317938
0.164980488581
0.164906708863
0.164832979513
0.164759301261
0.164685674835
0.164612100963
0.164538580373
0.164465113792
0.164391701947
0.164318345563
0.164245045365
0.16417180208
0.164098616431
0.164025489142
0.163952420936
0.163879412535
0.163806464662
0.163733578039
0.163660753385
0.163587991421
0.163515292867
0.163442658442
0.163370088864
0.16329758485
0.163225147117
0.163152776383
0.163080473362
0.163008238771
0.162936073322
0.16286397773
0.162791952707
0.162719998967
0.16264811722
0.162576308177
0.162504572549
0.162432911045
0.162361324374
0.162289813244
0.162218378361
0.162147020432
0.162075740164
0.16200453826
0.161933415425
0.161862372363
0.161791409776
0.161720528365
0.161649728832
0.161579011877
0.161508378199
0.161437828497
0.161367363468
0.16129698381
0.161226690218
0.161156483387
0.161086364012
0.161016332786
0.160946390402
0.160876537551
0.160806774925
0.160737103213
0.160667523104
0.160598035286
0.160528640446
0.160459339271
0.160390132447
0.160321020656
0.160252004584
0.160183084912
0.160114262322
0.160045537495
0.15997691111
0.159908383846
0.159839956381
0.159771629391
0.159703403552
0.159635279539
0.159567258026
0.159499339684
0.159431525187
0.159363815204
0.159296210405
0.159228711458
0.159161319032
0.159094033793
0.159026856405
0.158959787534
0.158892827843
0.158825977993
0.158759238647
0.158692610463
0.158626094101
0.158559690219
0.158493399474
0.15842722252
0.158361160013
0.158295212605
0.158229380949
0.158163665696
0.158098067497
0.158032586998
0.157967224849
0.157901981695
0.157836858182
0.157771854953
0.157706972652
0.157642211921
0.157577573399
0.157513057726
0.15744866554
0.157384397477
0.157320254174
0.157256236264
0.157192344381
0.157128579157
0.157064941222
0.157001431205
0.156938049735
0.156874797438
0.156811674941
0.156748682866
0.156685821837
0.156623092477
0.156560495404
0.156498031238
0.156435700598
0.156373504098
0.156311442355
0.156249515982
0.156187725592
0.156126071795
0.156064555202
0.15600317642
0.155941936057
0.155880834718
0.155819873008
0.155759051529
0.155698370883
0.15563783167
0.155577434489
0.155517179937
0.155457068609
0.155397101101
0.155337278006
0.155277599914
0.155218067417
0.155158681102
0.155099441558
0.15504034937
0.154981405122
0.154922609397
0.154863962778
0.154805465843
0.154747119171
0.15468892334
0.154630878924
0.154572986499
0.154515246635
0.154457659905
0.154400226878
0.154342948122
0.154285824203
0.154228855686
0.154172043135
0.154115387111
0.154058888175
0.154002546885
0.153946363799
0.153890339473
0.153834474459
0.153778769312
0.153723224581
0.153667840816
0.153612618564
0.153557558373
0.153502660785
0.153447926345
0.153393355594
0.15333894907
0.153284707313
0.153230630858
0.153176720241
0.153122975994
0.153069398649
0.153015988737
0.152962746784
0.152909673318
0.152856768863
0.152804033943
0.152751469079
0.152699074791
0.152646851598
0.152594800015
0.152542920557
0.152491213738
0.152439680068
0.152388320058
0.152337134215
0.152286123046
0.152235287054
0.152184626744
0.152134142615
0.152083835167
0.152033704898
0.151983752302
0.151933977875
0.151884382109
0.151834965493
0.151785728517
0.151736671668
0.15168779543
0.151639100288
0.151590586722
0.151542255212
0.151494106237
0.151446140272
0.151398357793
0.15135075927
0.151303345176
0.151256115979
0.151209072146
0.151162214142
0.151115542431
0.151069057474
0.151022759731
0.150976649661
0.150930727717
0.150884994356
0.15083945003
0.150794095187
0.150748930278
0.150703955749
0.150659172045
0.150614579608
0.150570178879
0.150525970298
0.150481954302
0.150438131326
0.150394501803
0.150351066165
0.150307824842
0.150264778261
0.150221926848
0.150179271026
0.150136811217
0.150094547842
0.150052481319
0.150010612062
0.149968940487
0.149927467005
0.149886192027
0.149845115961
0.149804239212
0.149763562186
0.149723085285
0.149682808908
0.149642733454
0.14960285932
0.149563186899
0.149523716585
0.149484448767
0.149445383834
0.149406522172
0.149367864165
0.149329410196
0.149291160645
0.14925311589
0.149215276308
0.149177642273
0.149140214156
0.149102992328
0.149065977158
0.149029169011
0.148992568251
0.14895617524
0.148919990338
0.148884013903
0.148848246291
0.148812687855
0.148777338947
0.148742199917
0.148707271112
0.148672552877
0.148638045557
0.148603749491
0.14856966502
0.14853579248
0.148502132207
0.148468684533
0.148435449789
0.148402428304
0.148369620403
0.148337026413
0.148304646655
0.148272481449
0.148240531113
0.148208795964
0.148177276314
0.148145972477
0.148114884761
0.148084013474
0.148053358921
0.148022921406
0.147992701229
0.147962698689
0.147932914083
0.147903347705
0.147873999849
0.147844870803
0.147815960857
0.147787270295
0.147758799403
0.14773054846
0.147702517748
0.147674707542
0.147647118119
0.14761974975
0.147592602706
0.147565677257
0.147538973668
0.147512492203
0.147486233124
0.147460196691
0.147434383161
0.14740879279
0.147383425831
0.147358282534
0.147333363149
0.147308667921
0.147284197095
0.147259950913
0.147235929614
0.147212133437
0.147188562616
0.147165217385
0.147142097974
0.147119204613
0.147096537527
0.14707409694
0.147051883076
0.147029896152
0.147008136387
0.146986603997
0.146965299193
0.146944222187
0.146923373186
0.146902752398
0.146882360026
0.146862196272
0.146842261335
0.146822555412
0.146803078699
0.146783831387
0.146764813667
0.146746025728
0.146727467755
0.146709139931
0.146691042438
0.146673175455
0.146655539159
0.146638133723
0.14662095932
0.14660401612
0.146587304291
0.146570823997
0.146554575402
0.146538558666
0.146522773948
0.146507221404
0.146491901188
0.146476813451
0.146461958342
0.146447336008
0.146432946594
0.146418790243
0.146404867094
0.146391177284
0.14637772095
0.146364498224
0.146351509237
0.146338754118
0.146326232993
0.146313945985
0.146301893216
0.146290074805
0.146278490869
0.146267141524
0.146256026879
0.146245147047
0.146234502134
0.146224092246
0.146213917486
0.146203977953
0.146194273748
0.146184804965
0.146175571697
0.146166574038
0.146157812075
0.146149285895
0.146140995582
0.146132941219
0.146125122885
0.146117540657
0.14611019461
0.146103084818
0.14609621135
0.146089574274
0.146083173656
0.14607700956
0.146071082045
0.146065391171
0.146059936995
0.146054719569
0.146049738946
0.146044995175
0.146040488303
0.146036218374
0.14603218543
0.146028389513
0.146024830658
0.146021508901
0.146018424275
0.146015576811
0.146012966537
0.146010593478
0.146008457658
0.146006559098
0.146004897818
0.146003473832
0.146002287156
0.146001337801
0.146000625776
0.14600015109
0.145999913745
0.145999913745
0.14600015109
0.146000625776
0.146001337801
0.146002287156
0.146003473832
0.146004897818
0.146006559098
0.146008457658
0.146010593478
0.146012966537
0.146015576811
0.146018424275
0.146021508901
0.146024830658
0.146028389513
0.14603218543
0.146036218374
0.146040488303
0.146044995175
0.146049738946
0.146054719569
0.146059936995
0.146065391171
0.146071082045
0.14607700956
0.146083173656
0.146089574274
0.14609621135
0.146103084818
0.14611019461
0.146117540657
0.146125122885
0.146132941219
0.146140995582
0.146149285895
0.146157812075
0.146166574038
0.146175571697
0.146184804965
0.146194273748
0.146203977953
0.146213917486
0.146224092246
0.146234502134
0.146245147047
0.146256026879
0.146267141524
0.146278490869
0.146290074805
0.146301893216
0.146313945985
0.146326232993
0.146338754118
0.146351509237
0.146364498224
0.14637772095
0.146391177284
0.146404867094
0.146418790243
0.146432946594
0.146447336008
0.146461958342
0.146476813451
0.146491901188
0.146507221404
0.146522773948
0.146538558666
0.146554575402
0.146570823997
0.146587304291
0.14660401612
0.14662095932
0.146638133723
0.146655539159
0.146673175455
0.146691042438
0.146709139931
0.146727467755
0.146746025728
0.146764813667
0.146783831387
0.146803078699
0.146822555412
0.146842261335
0.146862196272
0.146882360026
0.146902752398
0.146923373186
0.146944222187
0.146965299193
0.146986603997
0.147008136387
0.147029896152
0.147051883076
0.14707409694
0.147096537527
0.147119204613
0.147142097974
0.147165217385
0.147188562616
0.147212133437
0.147235929614
0.147259950913
0.147284197095
0.147308667921
0.147333363149
0.147358282534
0.147383425831
0.14740879279
0.147434383161
0.147460196691
0.147486233124
0.147512492203
0.147538973668
0.147565677257
0.147592602706
0.14761974975
0.147647118119
0.147674707542
0.147702517748
0.14773054846
0.147758799403
0.147787270295
0.147815960857
0.147844870803
0.147873999849
0.147903347705
0.147932914083
0.147962698689
0.147992701229
0.148022921406
0.148053358921
0.148084013474
0.148114884761
0.148145972477
0.148177276314
0.148208795964
0.148240531113
0.148272481449
0.148304646655
0.148337026413
0.148369620403
0.148402428304
0.148435449789
0.148468684533
0.148502132207
0.14853579248
0.14856966502
0.148603749491
0.148638045557
0.148672552877
0.148707271112
0.148742199917
0.148777338947
0.148812687855
0.148848246291
0.148884013903
0.148919990338
0.14895617524
0.148992568251
0.149029169011
0.149065977158
0.149102992328
0.149140214156
0.149177642273
0.149215276308
0.14925311589
0.149291160645
0.149329410196
0.149367864165
0.149406522172
0.149445383834
0.149484448767
0.149523716585
0.149563186899
0.14960285932
0.149642733454
0.149682808908
0.149723085285
0.149763562186
0.149804239212
0.149845115961
0.149886192027
0.149927467005
0.149968940487
0.150010612062
0.150052481319
0.150094547842
0.150136811217
0.150179271026
0.150221926848
0.150264778261
0.150307824842
0.150351066165
0.150394501803
0.150438131326
0.150481954302
0.150525970298
0.150570178879
0.150614579608
0.150659172045
0.150703955749
0.150748930278
0.150794095187
0.15083945003
0.150884994356
0.150930727717
0.150976649661
0.151022759731
0.151069057474
0.151115542431
0.151162214142
0.151209072146
0.151256115979
0.151303345176
0.15135075927
0.151398357793
0.151446140272
0.151494106237
0.151542255212
0.151590586722
0.151639100288
0.15168779543
0.151736671668
0.151785728517
0.151834965493
0.151884382109
0.151933977875
0.151983752302
0.152033704898
0.152083835167
0.152134142615
0.152184626744
0.152235287054
0.152286123046
0.152337134215
0.152388320058
0.152439680068
0.152491213738
0.152542920557
0.152594800015
0.152646851598
0.152699074791
0.152751469079
0.152804033943
0.152856768863
0.152909673318
0.152962746784
0.153015988737
0.153069398649
0.153122975994
0.153176720241
0.153230630858
0.153284707313
0.15333894907
0.153393355594
0.153447926345
0.153502660785
0.153557558373
0.153612618564
0.153667840816
0.153723224581
0.153778769312
0.153834474459
0.153890339473
0.153946363799
0.154002546885
0.154058888175
0.154115387111
0.154172043135
0.154228855686
0.154285824203
0.154342948122
0.154400226878
0.154457659905
0.154515246635
0.154572986499
0.154630878924
0.15468892334
0.154747119171
0.154805465843
0.154863962778
0.154922609397
0.154981405122
0.15504034937
0.155099441558
0.155158681102
0.155218067417
0.155277599914
0.155337278006
0.155397101101
0.155457068609
0.155517179937
0.155577434489
0.15563783167
0.155698370883
0.155759051529
0.155819873008
0.155880834718
0.155941936057
0.15600317642
0.156064555202
0.156126071795
0.156187725592
0.156249515982
0.156311442355
0.156373504098
0.156435700598
0.156498031238
0.156560495404
0.156623092477
0.156685821837
0.156748682866
0.156811674941
0.156874797438
0.156938049735
0.157001431205
0.157064941222
0.157128579157
0.157192344381
0.157256236264
0.157320254174
0.157384397477
0.15744866554
0.157513057726
0.157577573399
0.157642211921
0.157706972652
0.157771854953
0.157836858182
0.157901981695
0.157967224849
0.158032586998
0.158098067497
0.158163665696
0.158229380949
0.158295212605
0.158361160013
0.15842722252
0.158493399474
0.158559690219
0.158626094101
0.158692610463
0.158759238647
0.158825977993
0.158892827843
0.158959787534
0.159026856405
0.159094033793
0.159161319032
0.159228711458
0.159296210405
0.159363815204
0.159431525187
0.159499339684
0.159567258026
0.159635279539
0.159703403552
0.159771629391
0.159839956381
0.159908383846
0.15997691111
0.160045537495
0.160114262322
0.160183084912
0.160252004584
0.160321020656
0.160390132447
0.160459339271
0.160528640446
0.160598035286
0.160667523104
0.160737103213
0.160806774925
0.160876537551
0.160946390402
0.161016332786
0.161086364012
0.161156483387
0.161226690218
0.16129698381
0.161367363468
0.161437828497
0.161508378199
0.161579011877
0.161649728832
0.161720528365
0.161791409776
0.161862372363
0.161933415425
0.16200453826
0.162075740164
0.162147020432
0.162218378361
0.162289813244
0.162361324374
0.162432911045
0.162504572549
0.162576308177
0.16264811722
0.162719998967
0.162791952707
0.16286397773
0.162936073322
0.163008238771
0.163080473362
0.163152776383
0.163225147117
0.16329758485
0.163370088864
0.163442658442
0.163515292867
0.163587991421
0.163660753385
0.163733578039
0.163806464662
0.163879412535
0.163952420936
0.164025489142
0.164098616431
0.16417180208
0.164245045365
0.164318345563
0.164391701947
0.164465113792
0.164538580373
0.164612100963
0.164685674835
0.164759301261
0.164832979513
0.164906708863
0.164980488581
0.165054317938
0.165128196204
0.165202122647
0.165276096538
0.165350117144
0.165424183733
0.165498295573
0.165572451931
0.165646652074
0.165720895268
0.165795180778
0.16586950787
0.165943875809
0.166018283859
0.166092731286
0.166167217351
0.166241741319
0.166316302453
0.166390900016
0.166465533269
0.166540201475
0.166614903894
0.16668963979
0.166764408421
0.16683920905
0.166914040936
0.166988903339
0.167063795518
0.167138716734
0.167213666245
0.167288643311
0.167363647188
0.167438677137
0.167513732414
0.167588812278
0.167663915986
0.167739042796
0.167814191964
0.167889362747
0.167964554402
0.168039766185
0.168114997352
0.16819024716
0.168265514865
0.168340799721
0.168416100984
0.168491417911
0.168566749755
0.168642095772
0.168717455217
0.168792827345
0.168868211409
0.168943606666
0.169019012368
0.169094427771
0.169169852128
0.169245284693
0.169320724722
0.169396171467
0.169471624182
0.169547082122
0.169622544539
0.169698010689
0.169773479824
0.169848951198
0.169924424065
0.169999897678
