16.0
16.0150947146
16.0301892799
16.0452835467
16.0603773656
16.0754705875
16.090563063
16.1056546428
16.1207451779
16.1358345188
16.1509225164
16.1660090215
16.1810938849
16.1961769573
16.2112580897
16.2263371329
16.2414139377
16.2564883552
16.2715602361
16.2866294314
16.3016957922
16.3167591694
16.3318194141
16.3468763772
16.36192991
16.3769798635
16.3920260889
16.4070684375
16.4221067604
16.4371409089
16.4521707344
16.4671960882
16.4822168217
16.4972327864
16.5122438338
16.5272498154
16.5422505829
16.5572459878
16.5722358819
16.587220117
16.6021985449
16.6171710174
16.6321373864
16.647097504
16.6620512223
16.6769983932
16.6919388691
16.7068725022
16.7217991447
16.7367186491
16.7516308678
16.7665356534
16.7814328584
16.7963223355
16.8112039375
16.8260775173
16.8409429276
16.8558000216
16.8706486522
16.8854886727
16.9003199362
16.9151422962
16.9299556059
16.944759719
16.9595544891
16.9743397697
16.9891154148
17.0038812781
17.0186372137
17.0333830756
17.048118718
17.0628439951
17.0775587615
17.0922628714
17.1069561796
17.1216385406
17.1363098094
17.1509698408
17.1656184898
17.1802556116
17.1948810614
17.2094946946
17.2240963667
17.2386859333
17.25326325
17.2678281727
17.2823805574
17.2969202602
17.3114471373
17.325961045
17.3404618398
17.3549493783
17.3694235172
17.3838841133
17.3983310237
17.4127641055
17.427183216
17.4415882125
17.4559789527
17.4703552941
17.4847170947
17.4990642123
17.5133965052
17.5277138315
17.5420160497
17.5563030183
17.5705745961
17.5848306419
17.5990710148
17.6132955738
17.6275041784
17.641696688
17.6558729622
17.6700328609
17.6841762441
17.6983029718
17.7124129044
17.7265059023
17.7405818262
17.7546405368
17.7686818951
17.7827057623
17.7967119996
17.8107004687
17.824671031
17.8386235485
17.8525578832
17.8664738972
17.8803714531
17.8942504132
17.9081106404
17.9219519976
17.9357743479
17.9495775547
17.9633614813
17.9771259916
17.9908709493
18.0045962186
18.0183016637
18.0319871491
18.0456525394
18.0592976995
18.0729224945
18.0865267895
18.1001104502
18.1136733421
18.1272153311
18.1407362833
18.154236065
18.1677145426
18.1811715829
18.1946070529
18.2080208195
18.2214127502
18.2347827126
18.2481305744
18.2614562036
18.2747594684
18.2880402373
18.301298379
18.3145337622
18.3277462562
18.3409357303
18.354102054
18.3672450971
18.3803647297
18.393460822
18.4065332444
18.4195818678
18.432606563
18.4456072014
18.4585836542
18.4715357932
18.4844634902
18.4973666175
18.5102450474
18.5230986526
18.535927306
18.5487308806
18.5615092499
18.5742622875
18.5869898673
18.5996918634
18.6123681502
18.6250186024
18.6376430947
18.6502415025
18.662813701
18.6753595661
18.6878789735
18.7003717994
18.7128379205
18.7252772133
18.7376895548
18.7500748223
18.7624328933
18.7747636456
18.7870669573
18.7993427066
18.8115907722
18.823811033
18.836003368
18.8481676568
18.860303779
18.8724116147
18.884491044
18.8965419475
18.9085642061
18.9205577008
18.932522313
18.9444579245
18.9563644171
18.9682416732
18.9800895752
18.9919080061
19.0036968489
19.015455987
19.0271853042
19.0388846844
19.0505540121
19.0621931716
19.073802048
19.0853805265
19.0969284925
19.1084458319
19.1199324307
19.1313881753
19.1428129525
19.1542066493
19.165569153
19.1769003512
19.1882001319
19.1994683833
19.210704994
19.2219098528
19.2330828491
19.2442238721
19.2553328119
19.2664095585
19.2774540024
19.2884660343
19.2994455454
19.3103924271
19.3213065711
19.3321878695
19.3430362146
19.3538514993
19.3646336165
19.3753824596
19.3860979223
19.3967798987
19.407428283
19.4180429701
19.4286238548
19.4391708327
19.4496837994
19.4601626508
19.4706072835
19.481017594
19.4913934796
19.5017348374
19.5120415653
19.5223135613
19.5325507239
19.5427529518
19.5529201442
19.5630522004
19.5731490203
19.583210504
19.593236552
19.6032270652
19.6131819448
19.6231010923
19.6329844096
19.642831799
19.6526431632
19.662418405
19.6721574278
19.6818601353
19.6915264316
19.701156221
19.7107494083
19.7203058986
19.7298255975
19.7393084108
19.7487542447
19.7581630058
19.7675346011
19.7768689378
19.7861659237
19.7954254668
19.8046474756
19.8138318588
19.8229785256
19.8320873856
19.8411583487
19.8501913252
19.8591862258
19.8681429614
19.8770614436
19.885941584
19.894783295
19.9035864891
19.9123510791
19.9210769785
19.929764101
19.9384123605
19.9470216717
19.9555919493
19.9641231086
19.9726150653
19.9810677353
19.9894810351
19.9978548815
20.0061891916
20.014483883
20.0227388738
20.0309540822
20.039129427
20.0472648275
20.055360203
20.0634154736
20.0714305596
20.0794053817
20.0873398611
20.0952339193
20.1030874783
20.1109004603
20.1186727881
20.1264043849
20.1340951741
20.1417450798
20.1493540262
20.1569219382
20.1644487408
20.1719343597
20.1793787208
20.1867817505
20.1941433756
20.2014635233
20.2087421211
20.2159790972
20.2231743799
20.2303278981
20.2374395811
20.2445093584
20.2515371603
20.2585229172
20.2654665599
20.2723680199
20.279227229
20.2860441191
20.292818623
20.2995506737
20.3062402045
20.3128871494
20.3194914425
20.3260530186
20.3325718128
20.3390477606
20.345480798
20.3518708613
20.3582178874
20.3645218135
20.3707825772
20.3770001167
20.3831743704
20.3893052773
20.3953927768
20.4014368086
20.407437313
20.4133942307
20.4193075027
20.4251770705
20.4310028761
20.436784862
20.4425229708
20.4482171459
20.453867331
20.4594734702
20.465035508
20.4705533894
20.4760270599
20.4814564653
20.486841552
20.4921822667
20.4974785565
20.5027303691
20.5079376526
20.5131003554
20.5182184265
20.5232918154
20.5283204717
20.5333043458
20.5382433885
20.5431375507
20.5479867843
20.5527910411
20.5575502737
20.562264435
20.5669334785
20.5715573578
20.5761360274
20.5806694419
20.5851575565
20.5896003267
20.5939977088
20.5983496591
20.6026561347
20.6069170929
20.6111324916
20.6153022892
20.6194264443
20.6235049163
20.6275376647
20.6315246497
20.6354658319
20.6393611723
20.6432106323
20.6470141739
20.6507717595
20.654483352
20.6581489145
20.6617684109
20.6653418054
20.6688690626
20.6723501476
20.6757850261
20.679173664
20.6825160279
20.6858120847
20.6890618017
20.6922651469
20.6954220886
20.6985325956
20.701596637
20.7046141827
20.7075852027
20.7105096676
20.7133875486
20.7162188172
20.7190034454
20.7217414057
20.7244326709
20.7270772145
20.7296750102
20.7322260325
20.7347302561
20.7371876563
20.7395982086
20.7419618893
20.744278675
20.7465485429
20.7487714703
20.7509474355
20.7530764168
20.7551583931
20.757193344
20.7591812493
20.7611220892
20.7630158447
20.764862497
20.7666620279
20.7684144194
20.7701196544
20.771777716
20.7733885876
20.7749522535
20.7764686982
20.7779379066
20.7793598642
20.780734557
20.7820619714
20.7833420942
20.7845749128
20.7857604149
20.786898589
20.7879894237
20.7890329081
20.7900290321
20.7909777858
20.7918791597
20.792733145
20.7935397332
20.7942989163
20.7950106868
20.7956750378
20.7962919625
20.796861455
20.7973835096
20.7978581211
20.7982852848
20.7986649965
20.7989972525
20.7992820494
20.7995193845
20.7997092554
20.7998516602
20.7999465975
20.7999940664
20.7999940664
20.7999465975
20.7998516602
20.7997092554
20.7995193845
20.7992820494
20.7989972525
20.7986649965
20.7982852848
20.7978581211
20.7973835096
20.796861455
20.7962919625
20.7956750378
20.7950106868
20.7942989163
20.7935397332
20.792733145
20.7918791597
20.7909777858
20.7900290321
20.7890329081
20.7879894237
20.786898589
20.7857604149
20.7845749128
20.7833420942
20.7820619714
20.780734557
20.7793598642
20.7779379066
20.7764686982
20.7749522535
20.7733885876
20.771777716
20.7701196544
20.7684144194
20.7666620279
20.764862497
20.7630158447
20.7611220892
20.7591812493
20.757193344
20.7551583931
20.7530764168
20.7509474355
20.7487714703
20.7465485429
20.744278675
20.7419618893
20.7395982086
20.7371876563
20.7347302561
20.7322260325
20.7296750102
20.7270772145
20.7244326709
20.7217414057
20.7190034454
20.7162188172
20.7133875486
20.7105096676
20.7075852027
20.7046141827
20.701596637
20.6985325956
20.6954220886
20.6922651469
20.6890618017
20.6858120847
20.6825160279
20.679173664
20.6757850261
20.6723501476
20.6688690626
20.6653418054
20.6617684109
20.6581489145
20.654483352
20.6507717595
20.6470141739
20.6432106323
20.6393611723
20.6354658319
20.6315246497
20.6275376647
20.6235049163
20.6194264443
20.6153022892
20.6111324916
20.6069170929
20.6026561347
20.5983496591
20.5939977088
20.5896003267
20.5851575565
20.5806694419
20.5761360274
20.5715573578
20.5669334785
20.562264435
20.5575502737
20.5527910411
20.5479867843
20.5431375507
20.5382433885
20.5333043458
20.5283204717
20.5232918154
20.5182184265
20.5131003554
20.5079376526
20.5027303691
20.4974785565
20.4921822667
20.486841552
20.4814564653
20.4760270599
20.4705533894
20.465035508
20.4594734702
20.453867331
20.4482171459
20.4425229708
20.436784862
20.4310028761
20.4251770705
20.4193075027
20.4133942307
20.407437313
20.4014368086
20.3953927768
20.3893052773
20.3831743704
20.3770001167
20.3707825772
20.3645218135
20.3582178874
20.3518708613
20.345480798
20.3390477606
20.3325718128
20.3260530186
20.3194914425
20.3128871494
20.3062402045
20.2995506737
20.292818623
20.2860441191
20.279227229
20.2723680199
20.2654665599
20.2585229172
20.2515371603
20.2445093584
20.2374395811
20.2303278981
20.2231743799
20.2159790972
20.2087421211
20.2014635233
20.1941433756
20.1867817505
20.1793787208
20.1719343597
20.1644487408
20.1569219382
20.1493540262
20.1417450798
20.1340951741
20.1264043849
20.1186727881
20.1109004603
20.1030874783
20.0952339193
20.0873398611
20.0794053817
20.0714305596
20.0634154736
20.055360203
20.0472648275
20.039129427
20.0309540822
20.0227388738
20.014483883
20.0061891916
19.9978548815
19.9894810351
19.9810677353
19.9726150653
19.9641231086
19.9555919493
19.9470216717
19.9384123605
19.929764101
19.9210769785
19.9123510791
19.9035864891
19.894783295
19.885941584
19.8770614436
19.8681429614
19.8591862258
19.8501913252
19.8411583487
19.8320873856
19.8229785256
19.8138318588
19.8046474756
19.7954254668
19.7861659237
19.7768689378
19.7675346011
19.7581630058
19.7487542447
19.7393084108
19.7298255975
19.7203058986
19.7107494083
19.701156221
19.6915264316
19.6818601353
19.6721574278
19.662418405
19.6526431632
19.642831799
19.6329844096
19.6231010923
19.6131819448
19.6032270652
19.593236552
19.583210504
19.5731490203
19.5630522004
19.5529201442
19.5427529518
19.5325507239
19.5223135613
19.5120415653
19.5017348374
19.4913934796
19.481017594
19.4706072835
19.4601626508
19.4496837994
19.4391708327
19.4286238548
19.4180429701
19.407428283
19.3967798987
19.3860979223
19.3753824596
19.3646336165
19.3538514993
19.3430362146
19.3321878695
19.3213065711
19.3103924271
19.2994455454
19.2884660343
19.2774540024
19.2664095585
19.2553328119
19.2442238721
19.2330828491
19.2219098528
19.210704994
19.1994683833
19.1882001319
19.1769003512
19.165569153
19.1542066493
19.1428129525
19.1313881753
19.1199324307
19.1084458319
19.0969284925
19.0853805265
19.073802048
19.0621931716
19.0505540121
19.0388846844
19.0271853042
19.015455987
19.0036968489
18.9919080061
18.9800895752
18.9682416732
18.9563644171
18.9444579245
18.932522313
18.9205577008
18.9085642061
18.8965419475
18.884491044
18.8724116147
18.860303779
18.8481676568
18.836003368
18.823811033
18.8115907722
18.7993427066
18.7870669573
18.7747636456
18.7624328933
18.7500748223
18.7376895548
18.7252772133
18.7128379205
18.7003717994
18.6878789735
18.6753595661
18.662813701
18.6502415025
18.6376430947
18.6250186024
18.6123681502
18.5996918634
18.5869898673
18.5742622875
18.5615092499
18.5487308806
18.535927306
18.5230986526
18.5102450474
18.4973666175
18.4844634902
18.4715357932
18.4585836542
18.4456072014
18.432606563
18.4195818678
18.4065332444
18.393460822
18.3803647297
18.3672450971
18.354102054
18.3409357303
18.3277462562
18.3145337622
18.301298379
18.2880402373
18.2747594684
18.2614562036
18.2481305744
18.2347827126
18.2214127502
18.2080208195
18.1946070529
18.1811715829
18.1677145426
18.154236065
18.1407362833
18.1272153311
18.1136733421
18.1001104502
18.0865267895
18.0729224945
18.0592976995
18.0456525394
18.0319871491
18.0183016637
18.0045962186
17.9908709493
17.9771259916
17.9633614813
17.9495775547
17.9357743479
17.9219519976
17.9081106404
17.8942504132
17.8803714531
17.8664738972
17.8525578832
17.8386235485
17.824671031
17.8107004687
17.7967119996
17.7827057623
17.7686818951
17.7546405368
17.7405818262
17.7265059023
17.7124129044
17.6983029718
17.6841762441
17.6700328609
17.6558729622
17.641696688
17.6275041784
17.6132955738
17.5990710148
17.5848306419
17.5705745961
17.5563030183
17.5420160497
17.5277138315
17.5133965052
17.4990642123
17.4847170947
17.4703552941
17.4559789527
17.4415882125
17.427183216
17.4127641055
17.3983310237
17.3838841133
17.3694235172
17.3549493783
17.3404618398
17.325961045
17.3114471373
17.2969202602
17.2823805574
17.2678281727
17.25326325
17.2386859333
17.2240963667
17.2094946946
17.1948810614
17.1802556116
17.1656184898
17.1509698408
17.1363098094
17.1216385406
17.1069561796
17.0922628714
17.0775587615
17.0628439951
17.048118718
17.0333830756
17.0186372137
17.0038812781
16.9891154148
16.9743397697
16.9595544891
16.944759719
16.9299556059
16.9151422962
16.9003199362
16.8854886727
16.8706486522
16.8558000216
16.8409429276
16.8260775173
16.8112039375
16.7963223355
16.7814328584
16.7665356534
16.7516308678
16.7367186491
16.7217991447
16.7068725022
16.6919388691
16.6769983932
16.6620512223
16.647097504
16.6321373864
16.6171710174
16.6021985449
16.587220117
16.5722358819
16.5572459878
16.5422505829
16.5272498154
16.5122438338
16.4972327864
16.4822168217
16.4671960882
16.4521707344
16.4371409089
16.4221067604
16.4070684375
16.3920260889
16.3769798635
16.36192991
16.3468763772
16.3318194141
16.3167591694
16.3016957922
16.2866294314
16.2715602361
16.2564883552
16.2414139377
16.2263371329
16.2112580897
16.1961769573
16.1810938849
16.1660090215
16.1509225164
16.1358345188
16.1207451779
16.1056546428
16.090563063
16.0754705875
16.0603773656
16.0452835467
16.0301892799
16.0150947146
16.0
